<?xml version="1.0" encoding="UTF-8"?>
<map version="1.0" tiledversion="1.0.2" orientation="orthogonal" renderorder="right-down" width="20" height="20" tilewidth="32" tileheight="32" nextobjectid="6">
 <tileset firstgid="1" source="terrain_atlas.tsx"/>
 <layer name="Tile Layer 1" width="20" height="20">
  <data encoding="csv">
178,178,178,178,178,178,178,178,178,178,178,178,178,178,178,178,178,178,178,178,
178,178,178,178,178,178,178,178,178,178,178,178,178,178,178,178,178,178,178,178,
178,178,178,178,178,178,178,178,178,178,178,178,178,178,178,178,178,178,178,178,
178,178,178,178,178,177,178,178,178,178,178,178,178,177,178,178,178,178,178,178,
178,178,178,178,178,178,178,178,178,176,178,178,178,178,178,178,178,178,178,178,
178,178,178,178,178,178,178,178,178,178,178,178,178,178,178,178,178,178,176,178,
178,178,177,178,178,178,178,178,178,178,178,178,178,178,178,178,178,178,178,178,
178,178,178,178,178,178,178,178,178,178,178,178,178,178,178,178,178,178,178,178,
178,178,178,178,178,178,178,178,178,178,178,178,178,178,178,178,178,178,178,178,
178,178,178,178,178,178,178,178,176,178,178,178,178,178,178,178,177,178,178,178,
178,178,178,178,177,178,178,178,178,178,178,178,178,178,178,178,178,178,178,178,
178,178,178,178,178,178,178,178,178,178,178,178,178,178,178,178,178,178,178,178,
178,178,178,178,178,178,178,178,178,178,178,178,178,178,178,178,178,178,178,178,
178,178,178,178,178,178,178,178,178,178,178,178,178,178,178,177,178,178,178,178,
178,178,178,178,178,176,178,178,178,178,178,178,178,178,178,178,178,178,178,178,
178,178,178,178,178,178,178,178,178,178,178,178,178,178,178,178,178,178,178,178,
178,176,178,178,178,178,178,178,178,178,178,178,178,178,178,178,178,176,176,178,
178,178,178,178,178,178,178,178,177,178,178,178,178,178,178,178,178,178,178,178,
178,178,178,178,178,178,178,178,178,178,178,178,178,178,178,178,178,178,178,178,
178,178,178,178,178,178,178,178,178,178,178,178,178,178,178,178,178,176,178,178
</data>
 </layer>
</map>
